1921 0 28 34
1921 1 43 34
1921 2 29 26
1921 3 33 32
1921 4 34 33
1921 5 28 26
1921 6 40 35
1921 7 32 25
1921 8 29 23
1921 9 31 24
1921 10 30 23
1921 11 24 17
1921 12 22 21
1921 13 21 18
1921 14 34 11
1921 15 39 24
1921 16 46 17
1921 17 28 8
1921 18 37 21
1921 19 40 13
1921 20 55 15
1921 21 38 9
1921 22 29 15
1921 23 18 18
1921 24 28 20
1921 25 24 15
1921 26 26 22
1921 27 25 25
1921 28 18 8
1921 29 32 20
1921 30 32 20
1921 31 23 17
1921 32 28 19
1921 33 29 23
1921 34 21 26
1921 35 30 19
1921 36 18 14
1921 37 27 16
1921 38 28 10
1921 39 18 14
1921 40 23 9
1921 41 25 9
1921 42 20 12
1921 43 20 6
1921 44 16 11
1921 45 18 12
1921 46 14 7
1921 47 13 5
1921 48 18 7
1921 49 20 9
1921 50 7 10
1921 51 13 3
1921 52 8 8
1921 53 9 6
1921 54 7 3
1921 55 7 14
1921 56 10 11
1921 57 11 4
1921 58 13 9
1921 59 6 0
1921 60 7 1
1921 61 7 6
1921 62 10 4
1921 63 7 2
1921 64 12 5
1921 65 9 3
1921 66 3 1
1921 67 4 2
1921 68 6 2
1921 69 4 3
1921 70 5 1
1921 71 2 0
1921 72 1 1
1921 73 1 1
1921 74 0 1
1921 75 4 1
1921 76 1 1
1921 77 4 0
1921 78 1 1
1921 79 1 1
1921 80 0 2
1921 81 0 1
1921 82 0 0
1921 83 1 0
1921 84 0 0
1921 85 0 0
1921 86 0 0
1921 87 2 0
1921 88 1 0
1921 89 0 0
1921 90 0 0
1921 91 1 0
1921 92 0 0
1921 93 0 0
1921 94 0 0
1921 95 0 0
1921 96 0 0
1921 97 0 0
1921 99 0 0
1921 100 0 0
1921 100+ 0 0