1991 0 2318 2218 
1991 1 2279 2095
1991 2 2289 2203
1991 3 2243 2128
1991 4 2206 2132
1991 5 2257 2064
1991 6 2250 2175
1991 7 2294 2196
1991 8 2363 2173
1991 9 2278 2199
1991 10 2296 2247
1991 11 2314 2270
1991 12 2375 2266
1991 13 2406 2258
1991 14 2403 2292
1991 15 2264 2245
1991 16 2452 2380
1991 17 2610 2472
1991 18 2843 2960
1991 19 3220 3170
1991 20 3026 3005
1991 21 2732 2734
1991 22 2492 2582
1991 23 2443 2418
1991 24 2261 2297
1991 25 2330 2365
1991 26 2293 2350
1991 27 2309 2433
1991 28 2360 2400
1991 29 2450 2462
1991 30 2454 2470
1991 31 2431 2488
1991 32 2304 2453
1991 33 2296 2437
1991 34 2363 2432
1991 35 2324 2392
1991 36 2197 2359
1991 37 2342 2455
1991 38 2298 2443
1991 39 2250 2415
1991 40 2427 2522
1991 41 2365 2447
1991 42 2414 2426
1991 43 2339 2430
1991 44 2507 2460
1991 45 2174 1989
1991 46 1865 1863
1991 47 1776 1748
1991 48 1531 1565
1991 49 1594 1482
1991 50 1456 1433
1991 51 1365 1260
1991 52 1312 1247
1991 53 1258 1179
1991 54 1062 1122
1991 55 1079 1021
1991 56 1038 888
1991 57 921 902
1991 58 865 826
1991 59 839 838
1991 60 871 828
1991 61 758 757
1991 62 792 766
1991 63 770 752
1991 64 672 707
1991 65 681 780
1991 66 647 721
1991 67 636 711
1991 68 549 677
1991 69 530 653
1991 70 514 653
1991 71 467 555
1991 72 332 496
1991 73 324 437
1991 74 310 466
1991 75 317 432
1991 76 287 419
1991 77 236 388
1991 78 209 322
1991 79 196 320
1991 80 164 296
1991 81 141 243
1991 82 130 213
1991 83 104 211
1991 84 87 185
1991 85 94 125
1991 86 54 137
1991 87 45 99
1991 88 46 69
1991 89 36 66
1991 90+ 69 235