1911 0 18 21
1911 1 18 21
1911 2 18 16
1911 3 13 23
1911 4 18 14
1911 5 18 7
1911 6 12 14
1911 7 21 17
1911 8 20 14
1911 9 111 19
1911 10 25 25
1911 11 13 13
1911 12 15 17
1911 13 24 14
1911 14 27 20
1911 15 16 24
1911 16 1 18
1911 17 15 22
1911 18 24 13
1911 19 27 15
1911 20 16 14
1911 21 24 12
1911 22 21 12
1911 23 31 9
1911 24 21 12
1911 25 7 12
1911 26 18 6
1911 27 12 9
1911 28 18 8
1911 29 13 6
1911 30 14 8
1911 41 16 7
1911 42 13 11
1911 43 10 10
1911 44 11 8
1911 45 20 9
1911 46 10 7
1911 47 10 4
1911 48 11 5
1911 49 6 4
1911 50 6 6
1911 51 13 7
1911 52 12 3
1911 53 10 7
1911 54 11 3
1911 55 12 1
1911 56 8 4
1911 57 8 3
1911 58 8 8
1911 59 10 5
1911 60 14 3
1911 61 11 2
1911 62 12 1
1911 63 9 5
1911 64 8 2
1911 65 8 1
1911 66 9 10
1911 67 5 0
1911 68 4 3
1911 69 6 1
1911 70 3 4
1911 71 7 2
1911 72 4 1
1911 73 4 1
1911 74 10 0
1911 75 1 0
1911 76 4 2
1911 77 4 0
1911 78 1 0
1911 79 3 1
1911 80 6 0
1911 81 1 0
1911 82 1 2
1911 87 1 1
1921 0 28 34
1921 1 43 34
1921 2 29 26
1921 3 33 32
1921 4 34 33
1921 5 28 26
1921 6 40 35
1921 7 32 25
1921 8 29 23
1921 9 31 24
1921 10 30 23
1921 11 24 17
1921 12 22 21
1921 13 21 18
1921 14 34 11
1921 15 39 24
1921 16 46 17
1921 17 28 8
1921 18 37 21
1921 19 40 13
1921 20 55 15
1921 21 38 9
1921 22 29 15
1921 23 18 18
1921 24 28 20
1921 25 24 15
1921 26 26 22
1921 27 25 25
1921 28 18 8
1921 29 32 20
1921 30 32 20
1921 31 23 17
1921 32 28 19
1921 33 29 23
1921 34 21 26
1921 35 30 19
1921 36 18 14
1921 37 27 16
1921 38 28 10
1921 39 18 14
1921 40 23 9
1921 41 25 9
1921 42 20 12
1921 43 20 6
1921 44 16 11
1921 45 18 12
1921 46 14 7
1921 47 13 5
1921 48 18 7
1921 49 20 9
1921 50 7 10
1921 51 13 3
1921 52 8 8
1921 53 9 6
1921 54 7 3
1921 55 7 14
1921 56 10 11
1921 57 11 4
1921 58 13 9
1921 59 6 0
1921 60 7 1
1921 61 7 6
1921 62 10 4
1921 63 7 2
1921 64 12 5
1921 65 9 3
1921 66 3 1
1921 67 4 2
1921 68 6 2
1921 69 4 3
1921 70 5 1
1921 71 2 0
1921 72 1 1
1921 73 1 1
1921 74 0 1
1921 75 4 1
1921 76 1 1
1921 77 4 0
1921 78 1 1
1921 79 1 1
1921 80 0 2
1921 81 0 1
1921 82 0 0
1921 83 1 0
1921 84 0 0
1921 85 0 0
1921 86 0 0
1921 87 2 0
1921 88 1 0
1921 89 0 0
1921 90 0 0
1921 91 1 0
1921 92 0 0
1921 93 0 0
1921 94 0 0
1921 95 0 0
1921 96 0 0
1921 97 0 0
1921 99 0 0
1921 100 0 0