1943 7  77  79
1943 17 694 853  
1943 22 155 844
1943 27 296 824
1943 32 415 786
1943 37 477 722
1943 42 561 637
1943 47 553 579
1943 52 548 456
1943 57 441 326
1943 62 304 223
1943 67 170 134
1943 72 102 101
1943 85 89  116
//---
1991 0 18 21
1911 1 18 21
1911 2 18 16
1911 3 13 23
1911 4 18 14
1911 5 18 7
1911 6 12 14
1911 7 21 17
1911 8 20 14
1911 9 111 19
1911 10 25 25
1911 11 13 13
1911 12 15 17
1911 13 24 14
1911 14 27 20
1911 15 16 24
1911 16 1 18
1911 17 15 22
1911 18 24 13
1911 19 27 15
1911 20 16 14
1911 21 24 12
1911 22 21 12
1911 23 31 9
1911 24 21 12
1911 25 7 12
1911 26 18 6
1911 27 12 9
1911 28 18 8
1911 29 13 6
1911 30 14 8
1911 41 16 7
1911 42 13 11
1911 43 10 10
1911 44 11 8
1911 45 20 9
1911 46 10 7
1911 47 10 4
1911 48 11 5
1911 49 6 4
1911 50 6 6
1911 51 13 7
1911 52 12 3
1911 53 10 7
1911 54 11 3
1911 55 12 1
1911 56 8 4
1911 57 8 3
1911 58 8 8
1911 59 10 5
1911 60 14 3
1911 61 11 2
1911 62 12 1
1911 63 9 5
1911 64 8 2
1911 65 8 1
1911 66 9 10
1911 67 5 0
1911 68 4 3
1911 69 6 1
1911 70 3 4
1911 71 7 2
1911 72 4 1
1911 73 4 1
1911 74 10 0
1911 75 1 0
1911 76 4 2
1911 77 4 0
1911 78 1 0
1911 79 3 1
1911 80 6 0
1911 81 1 0
1911 82 1 2
1911 87 1 1